열쇠 : 3, 주황색(사라지는 것) : 4


Three

11111111111111111111
10013000000000100001
10011100001110111001
10000011000000000001
11100001011110111001
10100010110011100001
10110000000000000001
10010000011100001101
10011000130110011001
10001001100100110111
10111001001001100001
10100011001001001001
10001000004004001001
11111111111111111151

Four

11111111111111111101
13011000000001100001
10001011000111000011
11100014111100001111
10000010000000010001
10141110110100110101
10100000100100000001
10111100110010011001
10010110000100010001
10110010000100110031
10000000000000114111
10011100101000010001
10100001100100010001
11111111111115111111


스테이지 2 몹좌표

 1 : 13,12 (650,600)
 2 : 2,1 (100,50)
 3 : 4,4 (200,200)
 4 : 11,4 (550,200)
 5 : 13,3 (650,150)
 6 : 17, 9 (850,450)

스테이지 3 몹좌표

 1 : 2,2 (100,100)
 2 : 4,4 (200,200)
 3 : 6,7 (300,350)
 4 : 1,7 (50,350)
 5 : 9,11 (450,550)
 6 : 13,6 (650,300)
 7 : 17,11(850,550)

스테이지 4 몹좌표

 1 : 16,2 (800,100)
 2 : 12,11 (600,550)
 3 : 8,9 (400,450)
 5 : 3,3 (150,150) 
 6 : 8,1 (400,50) 
 7 : 4,10 (200,500) 
 8 : 17,11 (850, 550)


"101101",
"100001",
"101101",
"101101",
"101001",
"100001",
"110011",
"111111"